68.49886629999992,
68.49886620000007,
68.49886620000007,
66.17687070000011,
67.33786849999979,
67.33786850000024,
69.65986389999989,
68.49886629999992,
68.49886620000007,
68.49886620000007,
66.17687070000011,
67.33786849999979,
67.33786850000024,
65.01587299999983,
65.01587299999983,
68.49886620000052,
69.65986399999929,
68.49886620000052,
68.49886619999961,
68.49886620000052,
66.17687079999996,
65.01587300000028,
66.1768706999992,
68.49886619999961,
67.3378685000007,
67.33786849999979,
67.33786849999979,
67.3378685000007