65.01587300000028,
65.01587300000028,
65.01587300000028,
65.01587299999937,
65.01587310000014,
65.01587300000028,
62.69387749999987,
63.85487529999955,
63.85487530000046,
66.17687070000011,
65.01587309999923,
65.01587300000028,
65.01587300000028,
65.01587300000028,
65.01587300000028,
65.01587300000028,
65.01587299999846,
65.01587310000104,
65.01587300000028,
65.01587299999846,
65.01587300000028,
65.01587300000028,
65.01587300000028,
65.01587309999923,
65.01587300000028,
65.01587300000028,
62.69387749999987,
63.85487529999955,
63.85487530000137,
66.17687079999996